Run semi-empirical minimization
 &qmmm
    qm_theory='AM1', grms_tol=0.0005,
 scfconv=1.d-10, ndiis_attempts=700,   qmcharge=-1,
 /
   6   C02       10.9570       15.9620        8.4510 
   6   C03       10.4900       14.6770        8.6960 
   6   C04       11.0610       13.5860        8.0980 
   6   C06       12.0110       16.1580        7.5950 
   6   C07       12.6020       15.0360        6.9830 
   6   C08       12.1400       13.7470        7.2240 
   6   C09       12.8120       12.6840        6.5420 
   6   C10       12.5470       11.1810        6.6230 
   6   C15       13.8680       13.0400        5.7120 
   6   C16       14.2600       14.3520        5.5330 
   8   O18       13.6290       15.3130        6.1640 
   8   O12       11.7780        8.9760        5.2440 
   8   O13       10.0330       10.7140        5.4950 
   8   O14       11.9390       11.0750        3.9480 
   8   O17       15.1650       14.6010        4.8120 
  15   P11       11.5090       10.4650        5.2630 
   9   F01       10.3780       17.0110        9.0510 
   9   F05       10.5630       12.3720        8.3680 
   1    H2        9.7210       14.5430        9.3230 
   1     H       13.4300       10.7120        6.6160 
   1    H1       12.0870       10.9950        7.4910 
   1    H3       12.3650       17.0730        7.4000 
   1    H4       14.3630       12.3190        5.2260 
   1    H5        9.7010       10.1990        6.2930 

