Run semi-empirical minimization
 &qmmm
    qm_theory='AM1', grms_tol=0.0005,
 scfconv=1.d-10, ndiis_attempts=700,   qmcharge=-1,
 /
   6   C02       10.9410       16.0150        8.4700 
   6   C03       10.4460       14.7670        8.7440 
   6   C04       11.0380       13.6730        8.1300 
   6   C06       11.9980       16.1450        7.6050 
   6   C07       12.6020       15.0360        6.9830 
   6   C08       12.1400       13.7470        7.2240 
   6   C09       12.8120       12.6840        6.5420 
   6   C10       12.5470       11.1810        6.6230 
   6   C15       13.8680       13.0400        5.7120 
   6   C16       14.3020       14.3460        5.4990 
   7   N18       13.6720       15.3480        6.1320 
   8   O12       11.7780        8.9760        5.2440 
   8   O13       10.0330       10.7140        5.4950 
   8   O14       11.9390       11.0750        3.9480 
  15   P11       11.5090       10.4650        5.2630 
   1    H5       10.5350       16.8230        8.8960 
   1     H       13.4300       10.7120        6.6160 
   1    H1       12.0870       10.9950        7.4910 
   1    H2        9.6770       14.6500        9.3730 
   1    H3       12.3490       17.0620        7.4150 
   1    H4       14.3630       12.3190        5.2260 
   1    H6        9.7020       10.1990        6.2930 
   1    H7       15.0690       14.5350        4.8860 
   1    H8       10.6680       12.7670        8.3370 

